{
 "cells": [
  {
   "cell_type": "code",
   "execution_count": 9,
   "id": "a3a8ab2e",
   "metadata": {},
   "outputs": [],
   "source": [
    "import numpy as np\n",
    "import pandas as pd\n",
    "from sklearn.cluster import KMeans\n",
    "from sklearn.preprocessing import StandardScaler"
   ]
  },
  {
   "cell_type": "code",
   "execution_count": 11,
   "id": "ad1d7c19",
   "metadata": {},
   "outputs": [],
   "source": [
    "data = pd.read_csv('pluton.csv')\n",
    "scaler = StandardScaler()\n",
    "scaled_data = scaler.fit_transform(data)"
   ]
  },
  {
   "cell_type": "code",
   "execution_count": 25,
   "id": "e83cdf81",
   "metadata": {},
   "outputs": [
    {
     "name": "stdout",
     "output_type": "stream",
     "text": [
      "No standartization\n",
      "Max iter = 1\n",
      "[24, 15, 6] \n",
      " [[ 0.21195833 75.68516667 20.503       2.65925   ]\n",
      " [ 1.38306667 60.63393333 24.38753333  8.66646667]\n",
      " [ 1.10666667 70.18466667 18.52033333  7.6705    ]]\n",
      "Max iter = 2\n",
      "[15, 24, 6] \n",
      " [[ 1.38306667 60.63393333 24.38753333  8.66646667]\n",
      " [ 0.21195833 75.68516667 20.503       2.65925   ]\n",
      " [ 1.10666667 70.18466667 18.52033333  7.6705    ]]\n",
      "Max iter = 3\n",
      "[15, 24, 6] \n",
      " [[ 1.38306667 60.63393333 24.38753333  8.66646667]\n",
      " [ 0.21195833 75.68516667 20.503       2.65925   ]\n",
      " [ 1.10666667 70.18466667 18.52033333  7.6705    ]]\n",
      "Max iter = 4\n",
      "[24, 15, 6] \n",
      " [[ 0.21195833 75.68516667 20.503       2.65925   ]\n",
      " [ 1.38306667 60.63393333 24.38753333  8.66646667]\n",
      " [ 1.10666667 70.18466667 18.52033333  7.6705    ]]\n",
      "Max iter = 5\n",
      "[24, 15, 6] \n",
      " [[ 0.21195833 75.68516667 20.503       2.65925   ]\n",
      " [ 1.38306667 60.63393333 24.38753333  8.66646667]\n",
      " [ 1.10666667 70.18466667 18.52033333  7.6705    ]]\n",
      "Max iter = 6\n",
      "[24, 15, 6] \n",
      " [[ 0.21195833 75.68516667 20.503       2.65925   ]\n",
      " [ 1.38306667 60.63393333 24.38753333  8.66646667]\n",
      " [ 1.10666667 70.18466667 18.52033333  7.6705    ]]\n",
      "Max iter = 7\n",
      "[15, 24, 6] \n",
      " [[ 1.38306667 60.63393333 24.38753333  8.66646667]\n",
      " [ 0.21195833 75.68516667 20.503       2.65925   ]\n",
      " [ 1.10666667 70.18466667 18.52033333  7.6705    ]]\n",
      "Max iter = 8\n",
      "[24, 15, 6] \n",
      " [[ 0.21195833 75.68516667 20.503       2.65925   ]\n",
      " [ 1.38306667 60.63393333 24.38753333  8.66646667]\n",
      " [ 1.10666667 70.18466667 18.52033333  7.6705    ]]\n",
      "Max iter = 9\n",
      "[24, 15, 6] \n",
      " [[ 0.21195833 75.68516667 20.503       2.65925   ]\n",
      " [ 1.38306667 60.63393333 24.38753333  8.66646667]\n",
      " [ 1.10666667 70.18466667 18.52033333  7.6705    ]]\n",
      "Max iter = 10\n",
      "[15, 24, 6] \n",
      " [[ 1.38306667 60.63393333 24.38753333  8.66646667]\n",
      " [ 0.21195833 75.68516667 20.503       2.65925   ]\n",
      " [ 1.10666667 70.18466667 18.52033333  7.6705    ]]\n",
      "With standartization\n",
      "Max iter = 1\n",
      "[6, 24, 15] \n",
      " [[ 0.67798387  0.03543992 -1.2636083   0.78475027]\n",
      " [-0.89741301  0.81525825 -0.43214971 -0.89535274]\n",
      " [ 1.16466728 -1.31858916  1.19688286  1.11866428]]\n",
      "Max iter = 2\n",
      "[24, 15, 6] \n",
      " [[-0.89741301  0.81525825 -0.43214971 -0.89535274]\n",
      " [ 1.16466728 -1.31858916  1.19688286  1.11866428]\n",
      " [ 0.67798387  0.03543992 -1.2636083   0.78475027]]\n",
      "Max iter = 3\n",
      "[15, 24, 6] \n",
      " [[ 1.16466728 -1.31858916  1.19688286  1.11866428]\n",
      " [-0.89741301  0.81525825 -0.43214971 -0.89535274]\n",
      " [ 0.67798387  0.03543992 -1.2636083   0.78475027]]\n",
      "Max iter = 4\n",
      "[15, 24, 6] \n",
      " [[ 1.16466728 -1.31858916  1.19688286  1.11866428]\n",
      " [-0.89741301  0.81525825 -0.43214971 -0.89535274]\n",
      " [ 0.67798387  0.03543992 -1.2636083   0.78475027]]\n",
      "Max iter = 5\n",
      "[15, 24, 6] \n",
      " [[ 1.16466728 -1.31858916  1.19688286  1.11866428]\n",
      " [-0.89741301  0.81525825 -0.43214971 -0.89535274]\n",
      " [ 0.67798387  0.03543992 -1.2636083   0.78475027]]\n",
      "Max iter = 6\n",
      "[24, 15, 6] \n",
      " [[-0.89741301  0.81525825 -0.43214971 -0.89535274]\n",
      " [ 1.16466728 -1.31858916  1.19688286  1.11866428]\n",
      " [ 0.67798387  0.03543992 -1.2636083   0.78475027]]\n",
      "Max iter = 7\n",
      "[6, 24, 15] \n",
      " [[ 0.67798387  0.03543992 -1.2636083   0.78475027]\n",
      " [-0.89741301  0.81525825 -0.43214971 -0.89535274]\n",
      " [ 1.16466728 -1.31858916  1.19688286  1.11866428]]\n",
      "Max iter = 8\n",
      "[15, 24, 6] \n",
      " [[ 1.16466728 -1.31858916  1.19688286  1.11866428]\n",
      " [-0.89741301  0.81525825 -0.43214971 -0.89535274]\n",
      " [ 0.67798387  0.03543992 -1.2636083   0.78475027]]\n",
      "Max iter = 9\n",
      "[15, 24, 6] \n",
      " [[ 1.16466728 -1.31858916  1.19688286  1.11866428]\n",
      " [-0.89741301  0.81525825 -0.43214971 -0.89535274]\n",
      " [ 0.67798387  0.03543992 -1.2636083   0.78475027]]\n",
      "Max iter = 10\n",
      "[6, 24, 15] \n",
      " [[ 0.67798387  0.03543992 -1.2636083   0.78475027]\n",
      " [-0.89741301  0.81525825 -0.43214971 -0.89535274]\n",
      " [ 1.16466728 -1.31858916  1.19688286  1.11866428]]\n"
     ]
    }
   ],
   "source": [
    "for j, d in enumerate([data, scaled_data]):\n",
    "    if j == 0:\n",
    "        print('No standartization')\n",
    "    else:\n",
    "        print('With standartization')\n",
    "\n",
    "    for i in range(1, 11):\n",
    "        est = KMeans(n_clusters=3, max_iter=i).fit(d)\n",
    "        \n",
    "        clusters = [0] * len(est.cluster_centers_)\n",
    "        for l in range(len(est.cluster_centers_)):\n",
    "            clusters[l] = np.count_nonzero(est.labels_ == l)\n",
    "\n",
    "        print('Max iter =', i)\n",
    "        print(clusters, '\\n', est.cluster_centers_)\n",
    "            \n"
   ]
  }
 ],
 "metadata": {
  "kernelspec": {
   "display_name": "Python 3",
   "language": "python",
   "name": "python3"
  },
  "language_info": {
   "codemirror_mode": {
    "name": "ipython",
    "version": 3
   },
   "file_extension": ".py",
   "mimetype": "text/x-python",
   "name": "python",
   "nbconvert_exporter": "python",
   "pygments_lexer": "ipython3",
   "version": "3.9.7"
  }
 },
 "nbformat": 4,
 "nbformat_minor": 5
}
